/
800,1700 
1100,1500
1300,1500
1500,1500
1700,1500
1900,1600
1950,1750
2000,2000
2250,2200
2500,2350
2550,2600
2400,2800
2250,2900
2050,3000
1850,3100
1700,3150
1500,3250
1350,3150
1250,2950
1100,2900
1150,2500
1050,2350
900,2100
/
1600,4100
2000,4125
2200,4150
2400,4040
2625,4025
2825,3950
2975,3875
3100,3850
3300,3650
3350,3400
3360,3200
3312,3000
3300,2800
3250,2375
3250,2150
3200,1850
3150,1650
3275,1250
3650,1150
4000,1050
4250,1100
4550,1200
4650,1450
4600,1650
4200,1800
4000,2000
4100,2250
4350,2500
4550,2650
4775,2975